# Array shape: (10, 21, 2)
0.00    -0.12  
-0.75   0.00   
-0.25   -0.14  
-0.17   0.10   
-0.15   -0.22  
-0.29   -0.14  
-0.14   -0.08  
-0.29   0.00   
-0.38   -0.29  
-0.20   -0.33  
-0.20   0.00   
-0.50   -1.00  
0.00    0.00   
0.00    -0.50  
0.00    0.00   
0.00    -0.67  
0.00    0.00   
-0.50   -1.00  
0.00    0.00   
0.00    -1.00  
0.00    0.00   
# New slice 
-0.43   -0.00  
-0.60   0.00   
0.00    0.50   
-0.17   0.17   
-0.14   -0.33  
-0.50   -0.17  
-0.40   -0.00  
-0.67   -0.12  
-0.22   -0.06  
0.20    0.67   
0.00    0.20   
-0.50   0.00   
0.00    0.00   
-1.00   0.00   
0.33    0.00   
-0.33   0.00   
0.00    -0.33  
0.00    0.00   
0.50    0.00   
1.00    0.00   
0.00    0.00   
# New slice 
0.00    -0.57  
-0.44   0.25   
-0.20   0.29   
-0.50   -0.29  
-0.11   -0.25  
-0.29   -0.29  
-0.43   -0.33  
-0.25   -0.43  
-0.25   -0.75  
-0.67   0.33   
-0.33   1.00   
0.33    -1.00  
-0.67   -0.20  
-1.00   -0.40  
-0.50   -1.00  
-1.00   -1.00  
0.00    0.00   
0.50    0.00   
0.00    -1.00  
0.00    0.00   
0.00    -1.00  
# New slice 
-0.29   -0.33  
-0.33   -0.25  
-0.20   -0.14  
-0.50   -0.00  
-0.17   -0.60  
-0.33   -0.20  
-0.67   0.33   
-0.25   -0.20  
-0.75   -0.75  
-0.75   -1.00  
-1.00   0.50   
-0.33   -0.50  
-0.50   0.00   
0.33    -1.00  
0.00    -1.00  
0.00    -1.00  
0.00    -0.33  
0.00    -1.00  
0.00    0.00   
0.00    -1.00  
0.00    -1.00  
# New slice 
-0.50   -0.14  
-0.29   0.00   
-0.29   -0.00  
0.20    -0.00  
-0.50   0.00   
-0.25   0.43   
-0.40   -0.50  
-0.20   0.00   
-0.29   0.40   
-0.30   0.00   
0.00    0.50   
-1.00   0.00   
-0.25   1.00   
1.00    -1.00  
-0.50   -1.00  
0.00    0.00   
0.00    0.00   
0.00    0.00   
0.00    -1.00  
0.50    0.00   
0.00    0.00   
# New slice 
0.22    -1.00  
-0.71   -0.00  
-0.56   -0.50  
-0.25   -0.60  
0.13    -0.40  
-0.56   -0.27  
-0.13   -0.50  
0.00    -0.44  
-0.67   -0.20  
-0.33   0.00   
-0.75   -1.00  
-0.33   0.00   
-0.40   -1.00  
-0.60   -0.40  
-0.50   -0.50  
0.00    0.00   
-0.33   1.00   
0.50    0.00   
1.00    -0.33  
1.00    0.00   
0.00    -1.00  
# New slice 
-0.20   -0.20  
-0.83   -0.10  
-0.55   -0.17  
0.00    -0.22  
-0.33   -0.25  
-0.50   -0.20  
-0.43   -0.56  
-0.18   -0.50  
-0.17   0.00   
-0.27   -0.60  
0.00    1.00   
-1.00   -0.60  
-1.00   0.50   
1.00    0.50   
0.00    -1.00  
0.00    0.00   
-1.00   0.00   
0.00    0.00   
1.00    -1.00  
0.00    -1.00  
0.00    0.00   
# New slice 
-0.40   -0.33  
-0.50   0.00   
-0.40   -0.60  
-0.91   -0.22  
-0.42   -0.33  
-0.20   0.00   
-0.50   0.00   
-1.00   -0.60  
-0.25   -0.14  
-0.40   -0.67  
-1.00   0.50   
0.00    0.00   
0.33    0.00   
-0.50   0.00   
-1.00   0.00   
0.00    -1.00  
0.00    -1.00  
1.00    0.00   
0.00    -1.00  
0.50    0.00   
0.00    0.00   
# New slice 
-0.43   -0.50  
-0.80   -0.22  
-0.11   -0.62  
-0.75   0.00   
-0.40   -0.50  
-0.71   0.25   
-0.75   -0.25  
0.00    -0.20  
-0.33   -0.38  
-0.43   0.12   
0.00    0.00   
-1.00   -0.50  
0.00    -1.00  
-1.00   -0.50  
0.00    0.00   
-1.00   -0.33  
0.00    0.00   
-1.00   -1.00  
0.00    0.00   
0.00    0.00   
1.00    0.00   
# New slice 
0.00    -0.20  
-0.75   -0.14  
-1.00   -0.40  
-0.25   -0.14  
-0.10   -0.60  
0.33    -0.33  
-0.80   -0.60  
-0.67   -0.33  
-0.60   -1.00  
-0.75   -0.50  
1.00    -1.00  
-1.00   -0.33  
0.00    -1.00  
-1.00   -1.00  
-1.00   0.00   
-1.00   -1.00  
-1.00   0.00   
0.00    -0.50  
0.00    0.00   
0.00    0.00   
1.00    0.00   
# New slice 
